00000000000000000000
00111101110000011100
00000101010000010100
00011111110000010100
00010001010000010100
00011101110000010100
00000101030000010100
01111101111100010100
01010001010100010100
01111101111111010100
00010101010001010100
01110111110001010100
01000001010001010100
01000001011111110100
01000001010101010100
01111114110101111100
00000000010100010100
00000000011100010100
00000000010000010100
00000000000000000000

00000000000000000000
00010000000000000000
00000000000000000000
00000000000000020000
00000000000000000100
00000000000000000000
00000000000000000000
00000000000000000000
00010000000000000000
00000000000000000000
00000000000000000000
00000000000000000100
00000000000000000000
00000000000000000000
00000000000000000000
00000000000000000000
00000000000000000000
00000000000000000000
00000000000000000000
00000000000000000000

00000000000000000000
00000000000000000000
00000000000000000000
00000000000000000000
00000000000000000100
00000000000000000000
00000000000000000000
00000000000000000000
00000000000000000000
00000000000000000000
00000000000000000000
00000000000000000000
00000000000000000000
00000000000000000000
00000000000000000000
00000000000000000000
00000000000000000000
00000000000000000000
00000000000000000000
00000000000000000000

00000000000000000000
00000000000000000000
00000000000000000000
00000000000000000000
00010000000000000000
00000000000000000000
00000000000000000000
00000000000000000000
00000000000000000000
00000000000000000000
00000000000000000000
00000000000000000000
00000000000000000000
00000000000000000000
00000000000000000000
00000000010000000000
00000000000000000000
00000000000000000000
00000000000000000000
00000000000000000000
